80
6842 6109 7723 9841
1642 1283 1939 3990
4649 8397 7728 8760
1473 1782 8509 8462
2448 5912 8316 8129
728 9034 8779 9582
6246 1561 7703 7475
7218 4395 7980 5900
7638 2416 9281 5860
5219 3513 7482 8704
8657 7038 8938 8926
565 1866 3464 7396
7543 6906 8535 8743
2196 6534 9056 6610
98 1935 808 9951
2674 5466 6122 7935
6411 8395 6924 9384
7925 214 8532 6827
3794 1553 6195 5686
1476 7854 3302 9889
7243 3480 8564 5262
3021 1916 7203 8021
9931 3258 9932 7375
5762 796 7855 5789
8655 7447 9545 8072
1015 271 8919 3208
9126 1871 9793 5114
4822 1177 9409 9534
5138 1355 6241 7862
7979 4580 8533 9161
8219 2469 8892 4511
7000 410 7955 1134
7755 379 9811 5482
18 3598 2054 6951
1603 6400 7633 9996
3794 1524 7685 9957
4405 3659 6038 9329
5045 4949 5776 5499
856 5606 4287 6719
3949 6428 7962 7680
2215 5408 4261 6121
6430 1131 9011 7041
530 5419 916 6476
7553 2375 8127 3075
6107 3695 9171 9737
9237 1703 9807 5054
3323 1653 6850 9388
137 3689 4805 9472
2891 5389 4499 5881
483 2061 6627 3672
331 1081 453 6692
3996 5465 5980 8781
894 3872 2949 9117
1537 83 5410 6239
6220 9772 6311 9966
5059 3594 5276 4825
2990 5051 7790 5364
6680 2141 7231 7526
7782 2946 8799 4011
6985 9090 8727 9521
7300 6773 7526 6974
4434 3585 6106 3602
8034 2688 9418 5941
2485 262 9731 6315
9146 2066 9703 3546
2727 5379 7170 8709
7546 3517 9750 3815
192 4267 7698 8433
1751 9623 5290 9638
9151 3960 9787 8274
6839 6075 8995 6976
7685 2678 9013 8575
2037 5977 3788 7783
598 6806 6469 8536
9408 4402 9912 7375
4955 8572 8650 9287
253 4285 8397 8144
2882 6753 8279 7749
8593 3013 8776 4350
9132 4241 9744 4700
80
5768 3737 6847 5566
3774 6942 8914 8860
2737 1850 6553 2321
9648 604 9756 2630
6703 2800 8491 5926
2625 8531 3468 9880
4377 1222 5540 6259
9570 448 9808 9478
1258 9705 6147 9758
8934 8404 9338 9688
4787 5053 7672 8932
4153 4452 6796 7569
7348 1848 9632 5531
278 6887 787 7895
391 3061 472 4063
478 7819 8161 8213
2853 7346 3168 7989
9800 3760 9959 8483
702 2306 2212 4139
1548 3531 6032 8341
3558 7212 4580 9668
3079 437 4413 9982
2418 8298 8523 8416
2074 5593 5213 6318
1711 3067 3626 8492
522 4905 3788 6049
7980 9314 9727 9500
6418 3978 8318 9287
4587 7620 5420 8919
5932 6052 6002 9707
6900 8574 9105 8736
6076 2339 6346 2585
6882 7917 9932 9218
5062 1992 8470 6277
3699 1956 3718 7334
7618 8488 8839 9846
2044 9210 3305 9559
783 1628 9958 3158
2627 8473 6107 9738
2941 4880 3941 4983
5300 4816 6915 5344
3346 661 9569 6981
8364 7985 9406 9530
9974 782 9983 6951
7121 9987 8882 9997
5543 4390 6410 4642
3512 1682 7515 7598
4629 8297 5684 8762
3485 2395 3895 4504
1271 3111 7677 4773
2063 2560 9114 7819
4276 7300 4371 7420
7202 2602 9984 6022
6859 8746 8326 9791
8587 2066 9408 9690
6300 1461 9843 7345
3079 86 3863 9520
6236 5334 7814 6063
7236 2714 7539 3366
1125 9345 9468 9485
3718 9877 9100 9930
8420 1199 9321 4619
9236 896 9390 2508
153 1501 1497 8529
3608 8570 4982 9395
9915 6043 9917 7032
6979 1191 7571 3172
1553 5406 6044 8407
8759 9276 9936 9394
1578 6510 6357 7284
1962 8549 5510 9360
7126 2105 9919 4339
9722 4863 9886 8380
7178 510 9550 4902
6739 4302 8807 6524
864 3298 7756 3589
6763 136 9460 9671
260 4927 568 7444
1159 8344 1720 9120
1353 2448 7231 9616
80
5651 3388 8686 3590
9938 7798 9998 8077
7086 4072 9082 4506
329 9094 4353 9740
4523 7505 7231 7528
6060 6025 7829 8089
3569 2706 8117 7101
6779 5498 7446 8637
3516 8746 6246 9227
539 6924 8325 7440
8170 7164 9532 8789
5494 9889 5807 9993
2254 9998 4346 9999
376 2100 2909 3940
1057 9771 1073 9790
7780 2480 9465 2986
556 7409 7809 8990
5597 8999 8569 9941
800 9347 7466 9477
637 6572 6448 8417
4222 9176 5025 9821
7809 4777 8193 9495
7839 4010 9214 7888
3003 5642 7230 9204
9133 488 9245 8858
5999 624 9934 7492
903 6564 3777 7249
6007 2751 7592 6244
5345 4006 7064 7751
4463 8400 6923 9832
8786 2839 8886 3673
9834 3792 9961 9091
1189 2039 1757 7868
5835 9422 8858 9489
6761 4936 7030 6458
3356 4129 9472 9738
2897 5329 6001 6222
714 3872 8282 7859
5588 2780 9068 5329
7159 8456 7438 8884
4861 2455 9937 9213
695 6810 2978 6840
9004 2455 9094 3786
8707 1899 9957 7894
2036 1392 9177 2429
4602 3122 6105 5102
587 526 788 581
2603 493 2661 9466
9565 7840 9815 9465
7676 2460 9959 9531
6153 8984 8062 9136
8518 2740 9423 3581
275 7852 9707 8814
9510 3565 9766 6953
1248 184 7033 5021
9758 3477 9797 3980
5373 3401 8058 9730
2610 9835 3210 9960
1848 99 6625 6845
9051 2661 9853 9343
7477 2237 8252 2544
6487 9178 9300 9493
4619 496 9774 773
6487 7544 8047 9862
245 1755 8994 2729
4528 7888 5128 8063
2081 4946 8662 8413
9771 5925 9862 6820
4164 5018 9416 8506
853 2193 3412 6253
5636 2078 9818 6574
9392 3855 9694 4459
1724 2926 7032 7637
5040 2130 8192 5326
7964 1146 9405 7269
1646 7821 1687 8676
438 3003 2010 9980
6664 5865 9955 9654
4354 5723 5844 9914
3807 9058 5486 9877
80
2475 1576 9405 3576
6184 6330 7319 9774
8496 5430 8581 6562
4380 4660 4481 5229
1524 1482 4445 2845
9480 4474 9525 6809
3182 6863 3315 8082
3805 6360 7895 9122
5818 9780 7448 9864
1505 5279 5064 8100
5030 1932 5820 7076
1948 1011 9155 4949
534 6540 1674 7449
828 8861 2246 9243
2417 1105 2865 2951
7730 7226 9771 8039
1889 1480 2436 7726
6051 4794 8150 6347
1270 6660 6483 6749
8759 2466 9417 5325
2932 2748 8308 8112
9277 9818 9764 9898
1936 394 6554 2960
7126 6912 7504 8292
8712 3565 9337 8768
3605 4483 4882 6745
6040 1335 6261 3455
6262 3944 8577 6021
9301 6544 9962 8864
1060 4696 5538 8191
5046 5153 5776 8041
7808 6160 9571 9350
9430 4794 9570 8322
3921 9441 4784 9874
1588 1245 7671 6944
4639 318 9329 4396
2579 6240 8246 6574
7750 7408 8869 7743
9098 9375 9495 9565
1562 2277 9736 4700
2308 5800 4345 7877
3789 1324 6511 8796
1441 7389 7987 7972
5578 3019 6317 8894
6356 3093 8543 5917
3054 1818 9373 3447
4867 9995 7575 9999
7210 821 9247 8400
730 158 1212 439
3202 7278 7461 8449
2552 2640 3895 8983
1201 4504 2549 9191
3809 7463 4095 9834
6019 3885 9416 5210
5482 8590 6932 9271
6777 1145 8087 4149
432 6085 8042 6810
3656 8236 9221 9197
1458 7277 8884 8896
6202 8252 7595 9707
3234 2653 5109 7749
6124 9521 7693 9793
3655 1376 4354 2336
1022 5320 6623 5660
2270 900 7082 1454
919 8929 4773 9277
8116 6221 8429 7079
5710 3232 7529 8060
814 1072 7495 6589
7122 3967 8206 7480
2754 4744 9100 5346
2211 4747 6260 5246
2219 404 4986 595
3958 2338 5237 4527
9305 9031 9419 9246
9125 4972 9801 7509
2319 8071 2489 8526
5965 7951 9034 8098
8499 6959 9616 9910
6878 1849 7627 9426
80
4145 3965 8983 7018
3247 6938 8309 9169
4152 5444 7396 6223
1815 2791 6715 5260
1403 8107 6322 8711
6645 8760 8180 8996
1729 924 3658 9675
4761 1771 7959 3511
1494 1126 3065 8032
3528 527 9239 3068
5208 7067 8316 9683
652 8729 5345 9468
6843 3043 8075 9025
1889 1939 5099 4319
8405 9720 9429 9906
9866 1752 9926 2747
2835 4376 9717 6908
9978 1930 9982 9993
4610 2918 8058 5596
4011 8620 4047 9639
2535 4920 7569 5533
7627 8519 8312 9243
9607 1066 9946 3089
9402 1753 9678 6878
7391 9770 9966 9989
7581 2690 9592 5567
6846 9418 8233 9890
9005 4853 9980 9229
7494 418 9114 5088
9593 8861 9796 9227
8767 4555 9483 6624
384 2758 7653 9733
1204 9077 2452 9947
4520 911 6273 2313
9828 4865 9922 8115
1483 2543 9362 7812
7554 8088 8204 8740
1188 1581 3212 8979
4437 2722 8642 9946
262 2310 953 2687
3736 3168 5381 5059
485 8491 7613 9173
2747 499 5946 8255
6026 6128 9156 9430
4737 3890 8199 6713
8388 3550 9460 7559
288 9977 2530 9999
754 6209 5842 8401
8501 5860 8538 6083
3898 43 9628 416
3757 3895 7497 9863
8725 0 8823 5059
652 3962 1965 9889
4832 8200 7314 8756
650 5365 8029 8565
2317 1281 9334 8575
2433 72 7027 7657
4688 9514 9822 9709
7824 8342 8306 9108
4403 648 7686 7013
9259 6309 9771 8198
3970 1685 9439 7780
3897 8112 4385 8270
4143 9836 7771 9895
2052 1670 5904 6193
1519 3566 4701 6095
2269 6232 8184 9526
9387 48 9920 1618
9638 6350 9988 7160
2448 6714 4186 7513
9062 6546 9755 9480
6928 3514 8177 7225
1768 5619 8685 7084
4559 959 5495 9206
7836 132 8399 7515
5974 1199 9531 7904
1524 1371 6138 3092
5651 7026 7345 9871
296 4706 6639 6874
103 2212 8024 9976
80
1107 7065 2599 8570
2711 406 9897 7922
2084 1714 6906 8227
732 5358 8127 9834
4239 4372 5627 7281
8771 4610 9062 8474
4105 2969 9843 6468
4605 4081 5169 7528
1951 3024 8096 9785
8080 4411 8916 8415
7695 1132 8593 2959
8965 3108 9586 3498
9453 4690 9844 7931
1896 5253 6422 7083
4879 4655 8246 6302
7339 1066 8046 3983
8530 3455 9990 8375
2578 2037 3592 9612
8003 2103 9732 2260
9176 522 9756 9715
2263 9069 6603 9260
7689 5761 7722 9945
6596 4955 7481 7284
3943 3367 5030 8009
2965 7423 4104 9214
4085 5069 6281 6740
5929 8526 9004 8646
9679 1927 9715 7336
1813 7196 7085 8686
2016 1198 7014 6064
3885 6469 6333 6729
9865 4975 9920 9721
8031 1400 9958 5513
6449 4618 9203 8421
2281 1702 3284 7481
1984 5444 2146 6047
7902 5096 9519 9549
9475 4885 9741 6171
965 9206 6786 9238
5451 907 6700 8231
7786 2033 7870 7943
7790 4517 8124 8576
7451 7578 8879 9440
9108 2985 9387 6274
5452 1736 6957 9720
6171 2238 9196 8758
9939 2278 9991 6110
3619 4434 9868 8961
2476 7842 4393 9842
4963 7926 5814 8039
2486 2272 5401 9245
2803 4717 7275 5855
4501 7957 9595 9048
2479 5856 3287 8485
5262 508 7335 1889
7723 9853 9783 9882
1934 1988 3877 7858
3561 7956 8170 9402
8020 8240 8698 9499
3556 9064 8677 9080
4674 2006 9049 8442
1977 436 2513 5596
2048 593 9767 1249
8153 8020 9336 9381
8344 575 9508 6461
680 2583 4813 9285
5339 883 9226 7720
8897 1012 9791 5202
6251 2308 7000 7061
9743 6161 9955 6839
9455 1100 9892 3421
1269 2509 5659 5369
7314 6042 8145 6957
9384 6968 9520 7651
2548 3009 6445 8823
4016 1030 7812 6338
1863 3623 6612 8766
9595 1472 9918 4977
67 774 8093 8853
2169 691 8734 4384
80
1268 3774 4652 9301
4240 5599 4459 8130
1175 9297 1410 9818
1146 3385 3449 7600
6496 3654 6712 6464
9619 4137 9906 5996
6054 5767 8231 5798
4683 6492 6126 7830
7749 3795 8306 9564
1322 3987 5408 5385
2331 1836 2414 7460
6791 3363 9421 7727
252 7513 8796 9921
1103 4643 5944 8514
239 4102 5744 4453
9685 6561 9906 9433
2190 7999 9941 9793
5436 3133 5849 5354
2250 4585 2421 6916
5118 44 7094 5746
6660 2186 7713 5683
9609 7271 9814 8847
7797 1211 7921 7875
8477 4105 9503 7326
2375 1229 5177 7488
127 596 1778 3280
9514 7217 9794 9572
7337 2461 9210 6730
528 9294 4354 9521
2199 92 9643 3870
721 2704 2131 8807
6636 589 8961 7024
6744 195 9095 9154
7675 2193 9873 4949
596 8508 1565 8864
6158 7278 7768 9250
7320 640 8116 2648
6371 2202 8472 8850
7195 522 7220 2638
1241 1268 3157 6791
7785 3482 8169 9207
4632 4764 6860 7793
9856 9105 9865 9297
262 5574 1378 7853
3155 2662 6389 4482
9427 2651 9884 4964
4987 2324 6245 6397
5342 6887 9765 8581
8641 5385 9065 8341
749 6172 9605 8139
8469 5368 9626 5787
9833 525 9923 1795
8203 3672 8974 5565
4640 8117 7952 9206
4216 4867 7194 7617
721 1982 6540 8067
345 6537 7547 7765
2819 5306 8115 7644
1037 5530 2159 5631
1023 3565 5154 4348
3286 4927 6149 7946
4017 5232 7743 5349
5660 7858 7957 9822
6203 4880 8090 6193
3513 513 8008 8331
835 2077 2059 5507
6206 9695 9393 9964
1488 1612 2086 3836
7117 2323 9420 6848
8304 4421 9212 6841
9677 103 9893 876
3812 2165 6092 6422
3881 2762 8456 9466
6290 7421 8581 9341
8817 8142 9535 8173
5923 3682 7797 6075
2456 8091 9851 8846
2515 4363 9376 6735
1748 7818 1888 8276
4308 1447 4751 8103
80
5073 6139 5250 7147
2187 3300 5961 7238
7758 5792 9475 6494
6689 5976 9999 8801
8254 5712 8792 6077
4867 3068 8392 7088
2473 4628 4510 9490
2723 1355 3160 3861
3064 8141 4046 8288
261 2696 7989 5738
8109 4972 9392 5539
5954 9557 6498 9966
281 2233 4776 7293
7848 8493 9711 9478
339 1565 521 8381
56 1548 1217 8223
8952 3672 9317 8403
983 9617 1216 9761
6229 5419 7311 5495
6318 2675 9165 4662
4959 4879 8585 6244
5450 7928 7337 9206
8956 4300 9386 9007
8812 2703 9572 3034
6183 5043 8417 5140
6330 9096 9186 9240
7439 5973 8583 7918
7421 5671 8878 9108
5529 8281 7229 9850
4865 4149 7273 5934
5978 378 9221 811
2999 6527 9555 7640
6094 9207 9237 9317
7014 1653 9916 6436
8340 5649 8598 5777
7638 7147 9718 8187
1423 1712 6208 5557
324 3724 4547 4076
8022 287 8040 5712
2593 5746 9510 8247
5140 2219 6979 8003
2483 2671 2624 7707
8954 3640 9712 5648
1314 1191 9999 4821
3352 1852 9848 3230
9260 4243 9846 6953
8520 6385 9546 7016
9074 1344 9851 6239
2131 1384 7736 4086
3689 1951 5862 5347
1657 8241 5784 8305
4297 5683 8778 6066
5454 7252 8100 8188
609 4325 1138 4663
6023 5675 6723 8628
2657 867 8304 1937
993 2037 8161 6836
319 8620 6217 9645
3947 5157 9505 9147
3939 5061 8414 5389
6983 6640 7379 7362
4811 3608 7591 6991
4205 5331 5511 6781
7832 112 9866 6063
3544 763 4930 3908
798 5599 4107 7460
8438 267 9202 8638
6328 9256 8434 9993
9548 3386 9958 4560
3810 7221 9424 9881
1856 7170 9501 8996
2285 369 5738 2439
1182 481 6767 3506
5054 1295 6604 4751
7332 1324 9566 6861
3519 6450 7888 7880
4341 5495 9555 7316
2749 2387 7516 5107
5657 2111 9906 4268
2441 5022 8761 9689
80
427 4288 7882 5538
1751 7909 1991 9578
3483 719 9167 7071
4610 4155 5037 6118
5978 8386 9302 8446
3813 3514 9432 8173
9104 9554 9336 9956
4531 7407 8997 9625
1225 9920 9519 9927
8289 5896 8688 9755
2099 1021 2323 2287
1895 2605 9239 8677
1426 2113 5364 2332
2386 9876 2836 9885
9117 5237 9771 7357
5221 187 9270 6822
2030 9752 7358 9818
3571 9506 5272 9807
6278 2206 9727 3233
9175 5821 9192 7352
7239 4140 7301 4781
8124 695 8330 8925
2199 2302 3000 5933
5445 1514 7596 9891
3028 6337 4560 9702
5239 1240 8167 5138
5930 585 7770 7526
1753 1622 8934 3113
623 9340 1416 9738
6651 1755 8762 6340
9976 4069 9995 7083
9340 565 9907 8608
1217 1330 2436 5181
2435 164 4988 801
7161 5415 9617 6907
903 3309 2279 8418
1139 1689 6702 8960
7863 7097 7966 8306
1958 5731 9548 7711
850 308 1285 4090
3182 2100 8540 7229
272 5294 3368 7533
7353 6127 7633 8021
4935 749 5952 3198
699 874 1338 5742
7623 4553 9774 8966
4474 9888 5385 9997
4351 7502 6440 7868
8930 2351 8951 8854
8133 7741 8372 9404
83 8490 6555 8626
2595 4828 5172 4904
1870 2920 5462 4004
3300 2978 9123 5111
44 3779 2918 4667
1259 1628 4083 6027
823 5962 957 6915
8604 6874 8684 8049
1278 1215 7256 8172
6897 9154 8600 9626
4038 9562 6079 9738
998 9484 1359 9804
5235 4820 5316 6382
3421 8725 4431 9810
803 4221 2946 6361
1307 7549 6157 7580
916 4887 5194 6389
2361 6664 6091 9887
9 8873 1945 8894
5557 9441 9742 9922
7273 9533 8856 9563
5262 3090 9593 5544
4239 289 7859 8638
1835 1181 5895 1395
699 266 6959 634
2245 8550 5510 9489
9408 1868 9522 5116
3320 7542 3568 8736
8500 4611 8567 8320
8870 2810 9012 6547
80
3315 7502 3878 9842
1748 7442 4508 8104
3612 7215 5149 7648
3003 7027 7727 7244
2515 8668 3111 9441
2137 3974 5476 5581
845 1393 5368 7752
3373 4230 7966 9500
871 1067 6548 4711
2414 7029 8755 7652
6063 1310 6837 6218
901 2568 2931 7287
1961 5105 8245 7432
5822 9943 9532 9982
6892 1389 7357 1872
3867 7486 7430 7637
9331 6369 9706 8667
8401 7198 8602 9281
1276 1697 6944 7755
8169 2204 8521 7191
9964 3346 10000 6231
6928 7681 7731 7876
8809 7983 9635 8427
6951 969 9495 6893
9006 663 9288 4402
244 5156 2077 5166
363 5997 4206 6345
240 1224 9083 3483
4930 8503 8172 9849
2279 445 4940 6095
6651 9200 8836 9643
7963 4096 8383 6473
5329 1382 9881 3355
2752 208 9508 9205
5091 941 6608 9727
2353 404 7258 1095
9316 7562 9994 8874
7434 8051 7556 9935
5595 472 8052 4216
973 74 3334 962
3316 7830 8608 8100
2237 1610 3850 2331
1277 7895 1703 8571
182 2615 4654 7679
3466 2144 4922 9636
1155 266 6827 1298
3170 1870 4955 2949
4326 368 8087 2492
1407 6718 9980 9703
3747 3481 9278 6511
8161 8403 8346 8839
9205 681 9353 8291
5612 6820 6504 9039
4776 3419 9969 4528
4789 6411 5835 8779
2333 4697 6447 7314
2090 2167 5567 8921
8298 7125 8307 9130
7335 5882 7787 8259
5335 6755 7636 7999
6337 2492 7435 9207
4530 397 7941 7790
2687 6214 5191 7285
5276 2110 8803 8890
4044 168 6094 4733
8409 407 9145 8454
9975 6692 9995 9518
8756 8477 9949 9725
1347 5776 3494 9581
6457 6809 9699 7589
5287 8040 7693 8509
3241 7142 3421 8762
9998 9658 9999 9746
874 4983 2877 6459
7912 3528 8416 4280
1156 7278 7171 7351
8696 2393 9612 8137
5333 2054 8073 8456
7828 8824 9274 9842
3981 2586 5181 8011
0
