100 100
6 0.89
25 0.32
49 0.08
44 0.27
21 0.52
41 0.25
8 0.74
27 0.81
31 0.48
20 0.70
32 0.15
26 0.91
28 0.27
0 0.06
23 0.56
22 0.04
32 0.07
25 0.63
46 0.76
27 0.19
7 0.37
12 0.33
4 0.71
22 0.73
22 0.30
37 0.38
1 0.55
48 0.23
47 0.26
22 0.52
40 0.46
2 0.49
10 0.68
38 0.70
7 0.82
2 0.37
11 0.95
14 0.19
31 0.06
16 0.69
7 0.89
26 0.10
38 0.84
46 0.32
2 0.43
36 0.49
39 0.26
32 0.02
7 0.06
26 0.14
30 0.76
0 0.68
3 0.44
22 0.56
0 0.97
39 0.85
9 0.12
22 0.67
15 0.70
14 0.23
6 0.66
16 0.40
19 0.82
35 0.75
45 0.32
15 0.26
20 0.80
20 0.24
32 0.11
31 0.92
47 0.55
45 0.24
41 0.34
6 0.97
4 0.13
35 0.84
38 0.99
21 0.10
0 0.56
31 0.67
26 0.41
39 0.15
17 0.76
30 0.79
10 0.08
35 0.14
26 0.93
39 0.19
22 0.77
36 0.27
30 0.49
40 0.30
47 0.94
44 0.86
1 0.62
23 0.71
29 0.79
32 0.96
14 0.46
41 0.54
100 100
6 0.89
25 0.32
49 0.08
44 0.27
21 0.52
41 0.25
8 0.74
27 0.81
31 0.48
20 0.70
32 0.15
26 0.91
28 0.27
0 0.06
23 0.56
22 0.04
32 0.07
25 0.63
46 0.76
27 0.19
7 0.37
12 0.33
4 0.71
22 0.73
22 0.30
37 0.38
1 0.55
48 0.23
47 0.26
22 0.52
40 0.46
2 0.49
10 0.68
38 0.70
7 0.82
2 0.37
11 0.95
14 0.19
31 0.06
16 0.69
7 0.89
26 0.10
38 0.84
46 0.32
2 0.43
36 0.49
39 0.26
32 0.02
7 0.06
26 0.14
30 0.76
0 0.68
3 0.44
22 0.56
0 0.97
39 0.85
9 0.12
22 0.67
15 0.70
14 0.23
6 0.66
16 0.40
19 0.82
35 0.75
45 0.32
15 0.26
20 0.80
20 0.24
32 0.11
31 0.92
47 0.55
45 0.24
41 0.34
6 0.97
4 0.13
35 0.84
38 0.99
21 0.10
0 0.56
31 0.67
26 0.41
39 0.15
17 0.76
30 0.79
10 0.08
35 0.14
26 0.93
39 0.19
22 0.77
36 0.27
30 0.49
40 0.30
47 0.94
44 0.86
1 0.62
23 0.71
29 0.79
32 0.96
14 0.46
41 0.54
100 100
6 0.89
25 0.32
49 0.08
44 0.27
21 0.52
41 0.25
8 0.74
27 0.81
31 0.48
20 0.70
32 0.15
26 0.91
28 0.27
0 0.06
23 0.56
22 0.04
32 0.07
25 0.63
46 0.76
27 0.19
7 0.37
12 0.33
4 0.71
22 0.73
22 0.30
37 0.38
1 0.55
48 0.23
47 0.26
22 0.52
40 0.46
2 0.49
10 0.68
38 0.70
7 0.82
2 0.37
11 0.95
14 0.19
31 0.06
16 0.69
7 0.89
26 0.10
38 0.84
46 0.32
2 0.43
36 0.49
39 0.26
32 0.02
7 0.06
26 0.14
30 0.76
0 0.68
3 0.44
22 0.56
0 0.97
39 0.85
9 0.12
22 0.67
15 0.70
14 0.23
6 0.66
16 0.40
19 0.82
35 0.75
45 0.32
15 0.26
20 0.80
20 0.24
32 0.11
31 0.92
47 0.55
45 0.24
41 0.34
6 0.97
4 0.13
35 0.84
38 0.99
21 0.10
0 0.56
31 0.67
26 0.41
39 0.15
17 0.76
30 0.79
10 0.08
35 0.14
26 0.93
39 0.19
22 0.77
36 0.27
30 0.49
40 0.30
47 0.94
44 0.86
1 0.62
23 0.71
29 0.79
32 0.96
14 0.46
41 0.54
100 100
6 0.89
25 0.32
49 0.08
44 0.27
21 0.52
41 0.25
8 0.74
27 0.81
31 0.48
20 0.70
32 0.15
26 0.91
28 0.27
0 0.06
23 0.56
22 0.04
32 0.07
25 0.63
46 0.76
27 0.19
7 0.37
12 0.33
4 0.71
22 0.73
22 0.30
37 0.38
1 0.55
48 0.23
47 0.26
22 0.52
40 0.46
2 0.49
10 0.68
38 0.70
7 0.82
2 0.37
11 0.95
14 0.19
31 0.06
16 0.69
7 0.89
26 0.10
38 0.84
46 0.32
2 0.43
36 0.49
39 0.26
32 0.02
7 0.06
26 0.14
30 0.76
0 0.68
3 0.44
22 0.56
0 0.97
39 0.85
9 0.12
22 0.67
15 0.70
14 0.23
6 0.66
16 0.40
19 0.82
35 0.75
45 0.32
15 0.26
20 0.80
20 0.24
32 0.11
31 0.92
47 0.55
45 0.24
41 0.34
6 0.97
4 0.13
35 0.84
38 0.99
21 0.10
0 0.56
31 0.67
26 0.41
39 0.15
17 0.76
30 0.79
10 0.08
35 0.14
26 0.93
39 0.19
22 0.77
36 0.27
30 0.49
40 0.30
47 0.94
44 0.86
1 0.62
23 0.71
29 0.79
32 0.96
14 0.46
41 0.54
100 100
6 0.89
25 0.32
49 0.08
44 0.27
21 0.52
41 0.25
8 0.74
27 0.81
31 0.48
20 0.70
32 0.15
26 0.91
28 0.27
0 0.06
23 0.56
22 0.04
32 0.07
25 0.63
46 0.76
27 0.19
7 0.37
12 0.33
4 0.71
22 0.73
22 0.30
37 0.38
1 0.55
48 0.23
47 0.26
22 0.52
40 0.46
2 0.49
10 0.68
38 0.70
7 0.82
2 0.37
11 0.95
14 0.19
31 0.06
16 0.69
7 0.89
26 0.10
38 0.84
46 0.32
2 0.43
36 0.49
39 0.26
32 0.02
7 0.06
26 0.14
30 0.76
0 0.68
3 0.44
22 0.56
0 0.97
39 0.85
9 0.12
22 0.67
15 0.70
14 0.23
6 0.66
16 0.40
19 0.82
35 0.75
45 0.32
15 0.26
20 0.80
20 0.24
32 0.11
31 0.92
47 0.55
45 0.24
41 0.34
6 0.97
4 0.13
35 0.84
38 0.99
21 0.10
0 0.56
31 0.67
26 0.41
39 0.15
17 0.76
30 0.79
10 0.08
35 0.14
26 0.93
39 0.19
22 0.77
36 0.27
30 0.49
40 0.30
47 0.94
44 0.86
1 0.62
23 0.71
29 0.79
32 0.96
14 0.46
41 0.54
100 100
6 0.89
25 0.32
49 0.08
44 0.27
21 0.52
41 0.25
8 0.74
27 0.81
31 0.48
20 0.70
32 0.15
26 0.91
28 0.27
0 0.06
23 0.56
22 0.04
32 0.07
25 0.63
46 0.76
27 0.19
7 0.37
12 0.33
4 0.71
22 0.73
22 0.30
37 0.38
1 0.55
48 0.23
47 0.26
22 0.52
40 0.46
2 0.49
10 0.68
38 0.70
7 0.82
2 0.37
11 0.95
14 0.19
31 0.06
16 0.69
7 0.89
26 0.10
38 0.84
46 0.32
2 0.43
36 0.49
39 0.26
32 0.02
7 0.06
26 0.14
30 0.76
0 0.68
3 0.44
22 0.56
0 0.97
39 0.85
9 0.12
22 0.67
15 0.70
14 0.23
6 0.66
16 0.40
19 0.82
35 0.75
45 0.32
15 0.26
20 0.80
20 0.24
32 0.11
31 0.92
47 0.55
45 0.24
41 0.34
6 0.97
4 0.13
35 0.84
38 0.99
21 0.10
0 0.56
31 0.67
26 0.41
39 0.15
17 0.76
30 0.79
10 0.08
35 0.14
26 0.93
39 0.19
22 0.77
36 0.27
30 0.49
40 0.30
47 0.94
44 0.86
1 0.62
23 0.71
29 0.79
32 0.96
14 0.46
41 0.54
100 100
6 0.89
25 0.32
49 0.08
44 0.27
21 0.52
41 0.25
8 0.74
27 0.81
31 0.48
20 0.70
32 0.15
26 0.91
28 0.27
0 0.06
23 0.56
22 0.04
32 0.07
25 0.63
46 0.76
27 0.19
7 0.37
12 0.33
4 0.71
22 0.73
22 0.30
37 0.38
1 0.55
48 0.23
47 0.26
22 0.52
40 0.46
2 0.49
10 0.68
38 0.70
7 0.82
2 0.37
11 0.95
14 0.19
31 0.06
16 0.69
7 0.89
26 0.10
38 0.84
46 0.32
2 0.43
36 0.49
39 0.26
32 0.02
7 0.06
26 0.14
30 0.76
0 0.68
3 0.44
22 0.56
0 0.97
39 0.85
9 0.12
22 0.67
15 0.70
14 0.23
6 0.66
16 0.40
19 0.82
35 0.75
45 0.32
15 0.26
20 0.80
20 0.24
32 0.11
31 0.92
47 0.55
45 0.24
41 0.34
6 0.97
4 0.13
35 0.84
38 0.99
21 0.10
0 0.56
31 0.67
26 0.41
39 0.15
17 0.76
30 0.79
10 0.08
35 0.14
26 0.93
39 0.19
22 0.77
36 0.27
30 0.49
40 0.30
47 0.94
44 0.86
1 0.62
23 0.71
29 0.79
32 0.96
14 0.46
41 0.54
100 100
6 0.89
25 0.32
49 0.08
44 0.27
21 0.52
41 0.25
8 0.74
27 0.81
31 0.48
20 0.70
32 0.15
26 0.91
28 0.27
0 0.06
23 0.56
22 0.04
32 0.07
25 0.63
46 0.76
27 0.19
7 0.37
12 0.33
4 0.71
22 0.73
22 0.30
37 0.38
1 0.55
48 0.23
47 0.26
22 0.52
40 0.46
2 0.49
10 0.68
38 0.70
7 0.82
2 0.37
11 0.95
14 0.19
31 0.06
16 0.69
7 0.89
26 0.10
38 0.84
46 0.32
2 0.43
36 0.49
39 0.26
32 0.02
7 0.06
26 0.14
30 0.76
0 0.68
3 0.44
22 0.56
0 0.97
39 0.85
9 0.12
22 0.67
15 0.70
14 0.23
6 0.66
16 0.40
19 0.82
35 0.75
45 0.32
15 0.26
20 0.80
20 0.24
32 0.11
31 0.92
47 0.55
45 0.24
41 0.34
6 0.97
4 0.13
35 0.84
38 0.99
21 0.10
0 0.56
31 0.67
26 0.41
39 0.15
17 0.76
30 0.79
10 0.08
35 0.14
26 0.93
39 0.19
22 0.77
36 0.27
30 0.49
40 0.30
47 0.94
44 0.86
1 0.62
23 0.71
29 0.79
32 0.96
14 0.46
41 0.54
100 100
6 0.89
25 0.32
49 0.08
44 0.27
21 0.52
41 0.25
8 0.74
27 0.81
31 0.48
20 0.70
32 0.15
26 0.91
28 0.27
0 0.06
23 0.56
22 0.04
32 0.07
25 0.63
46 0.76
27 0.19
7 0.37
12 0.33
4 0.71
22 0.73
22 0.30
37 0.38
1 0.55
48 0.23
47 0.26
22 0.52
40 0.46
2 0.49
10 0.68
38 0.70
7 0.82
2 0.37
11 0.95
14 0.19
31 0.06
16 0.69
7 0.89
26 0.10
38 0.84
46 0.32
2 0.43
36 0.49
39 0.26
32 0.02
7 0.06
26 0.14
30 0.76
0 0.68
3 0.44
22 0.56
0 0.97
39 0.85
9 0.12
22 0.67
15 0.70
14 0.23
6 0.66
16 0.40
19 0.82
35 0.75
45 0.32
15 0.26
20 0.80
20 0.24
32 0.11
31 0.92
47 0.55
45 0.24
41 0.34
6 0.97
4 0.13
35 0.84
38 0.99
21 0.10
0 0.56
31 0.67
26 0.41
39 0.15
17 0.76
30 0.79
10 0.08
35 0.14
26 0.93
39 0.19
22 0.77
36 0.27
30 0.49
40 0.30
47 0.94
44 0.86
1 0.62
23 0.71
29 0.79
32 0.96
14 0.46
41 0.54
100 100
6 0.89
25 0.32
49 0.08
44 0.27
21 0.52
41 0.25
8 0.74
27 0.81
31 0.48
20 0.70
32 0.15
26 0.91
28 0.27
0 0.06
23 0.56
22 0.04
32 0.07
25 0.63
46 0.76
27 0.19
7 0.37
12 0.33
4 0.71
22 0.73
22 0.30
37 0.38
1 0.55
48 0.23
47 0.26
22 0.52
40 0.46
2 0.49
10 0.68
38 0.70
7 0.82
2 0.37
11 0.95
14 0.19
31 0.06
16 0.69
7 0.89
26 0.10
38 0.84
46 0.32
2 0.43
36 0.49
39 0.26
32 0.02
7 0.06
26 0.14
30 0.76
0 0.68
3 0.44
22 0.56
0 0.97
39 0.85
9 0.12
22 0.67
15 0.70
14 0.23
6 0.66
16 0.40
19 0.82
35 0.75
45 0.32
15 0.26
20 0.80
20 0.24
32 0.11
31 0.92
47 0.55
45 0.24
41 0.34
6 0.97
4 0.13
35 0.84
38 0.99
21 0.10
0 0.56
31 0.67
26 0.41
39 0.15
17 0.76
30 0.79
10 0.08
35 0.14
26 0.93
39 0.19
22 0.77
36 0.27
30 0.49
40 0.30
47 0.94
44 0.86
1 0.62
23 0.71
29 0.79
32 0.96
14 0.46
41 0.54
0 0
