10
10 50
1 3 1 1 3 9 3 5 6 1 
1 2
2 3
3 4
4 5
5 6
6 7
7 8
8 9
9 10
10 50
9 2 9 1 1 1 3 3 4 9 
1 2
2 3
3 4
4 5
5 6
6 7
7 8
8 9
9 10
10 50
7 4 2 9 8 6 4 9 4 9 
1 2
2 3
3 4
4 5
5 6
6 7
7 8
8 9
9 10
10 50
1 0 6 3 7 5 7 8 7 6 
1 2
2 3
3 4
4 5
5 6
6 7
7 8
8 9
9 10
10 50
6 2 4 3 6 3 1 0 2 5 
1 2
2 3
3 4
4 5
5 6
6 7
7 8
8 9
9 10
10 50
5 2 3 6 7 1 5 8 9 7 
1 2
2 3
3 4
4 5
5 6
6 7
7 8
8 9
9 10
10 50
4 7 5 5 6 5 0 4 7 2 
1 2
2 3
3 4
4 5
5 6
6 7
7 8
8 9
9 10
10 50
2 7 9 0 4 1 6 7 2 2 
1 2
2 3
3 4
4 5
5 6
6 7
7 8
8 9
9 10
10 50
0 0 6 7 9 1 7 9 1 3 
1 2
2 3
3 4
4 5
5 6
6 7
7 8
8 9
9 10
10 50
0 4 0 8 3 9 9 2 7 1 
1 2
2 3
3 4
4 5
5 6
6 7
7 8
8 9
9 10
