30
4519 401 3651 21361
168 2436 4610 5807
3792 142 2003 25667
137 3740 2029 14771
1373 3892 1391 28924
1388 3014 1003 22919
3177 2119 2627 23898
3512 2492 4331 1676
3171 2605 4679 30971
4478 4570 1718 13377
2743 1522 3903 12771
1938 1017 4475 13260
4299 681 1524 22266
2069 3957 1852 15992
2131 2882 433 27276
677 4967 624 4145
365 4663 1487 1223
851 2556 4615 4618
326 3686 4034 17985
3867 3916 4177 5303
2835 3522 1473 23151
3432 2292 1047 6932
376 4314 66 2607
3078 4068 1104 13469
4285 4056 2595 24127
1366 1113 3493 26611
4564 754 1530 20931
1942 3740 3806 11613
3573 293 343 5315
1390 170 859 31044
