5 2 0
34
3 3 -1
41
45 874229382 159784895
1204057388088499593188286544820613708794220055644437190492060886246785910512309011753684121191580924640173379525429580078558778652668426036194751882574029203061474509895374881529971985788418353303573864394834887481609896304660043604092358913731862828542632055598041431940973966268931473270561187854149262047750791256446363298607067640523124864209212000199534879567483505680110191407974002242414494563693486084051
48 707031115 -269653337
5
48 278141866 -7629554
587559472568025998219109339667146425230837168737073395653494310968459313677456550899010693923030808810932622363463140342739761402064980866932803257044859453410947895820127299962219015558315244519078578126950219573588545463705858355114044572168550064427522639497630168754765593467699195110283662177077063963215174840431412616998191472970996769132360405217054099682984845963943075480541764127197770472276243288948735
50 877882542 -76066684
1031997319294232916229607639104504450256257039150213407543828722444681729430462243977567982279532660717393513799383147474547822608805544978010864682962465705991667313132892071895225615211180038188909850825974235629666913884836525302604770672892216931163560874739740286636993292785863190567722811445693011341899129042909408546126723868475681605477108602023832042107356637584410271183498953630317481958687117530723251710710321963440436837406396596527395662237
50 212514970 -70078004
6
46 444977652 -149645410
29641174161033357020769574163700647701272157465437876357614241411069929077293632812859772344830750005545571216594255274422120700495160542012250020195770779391928595506041834626352602580575868721811197050056298703816146895347129260130040199882999393578705606393941987797301996212288883658378647539009459548813603385672371308644683300770501137937033937802752260649477369012342009591443990738016900846901526525
47 2 0
77700143387770
46 3 0
21179500760432783578223
