1000
9534 2790 66
9635 5930 2634
388 8487 3387
8004 3949 21903
1404 7985 27096
879 1385 933
1019 7247 29736
9849 5191 1986
2080 5288 31043
1096 8158 26197
1061 8704 14775
2776 3786 30651
6460 3689 13599
9473 5943 1550
0 2972 9744
4441 7529 19742
799 3430 3814
388 3335 20474
2001 1579 19732
5311 1943 14745
41 6030 11262
5501 1582 9845
2595 2747 12686
5895 631 21313
6830 1051 11779
8662 2793 20739
2077 2281 17825
3631 2098 6446
9198 4220 1621
1877 6508 15509
7906 2269 29805
1418 7322 32340
5444 692 8421
5875 1550 2044
1263 3130 8451
6114 2078 5795
5533 5475 29243
9694 470 6317
2975 2262 18059
1948 9550 16994
1370 1412 13515
6210 5637 13238
1682 4839 9651
5027 2 29640
2057 2727 24953
6771 3 22272
1743 464 11098
1358 7317 27356
2912 7472 12138
5902 5885 20167
823 3083 31868
6483 9382 910
9020 8576 9996
3058 9246 17238
2523 471 21344
6977 8705 29205
1000 1570 5224
697 2380 15110
5232 1315 6656
7705 6859 2443
6816 121 25766
6299 6774 19576
5153 220 28089
2076 8700 26822
4888 5560 15072
790 3677 32017
9156 1076 30771
3467 7633 10616
456 1106 18475
5638 6752 1974
4962 724 18834
5659 1250 28041
4938 804 13026
2012 7739 1992
3664 8532 8156
488 5856 26291
2982 480 6454
5469 114 17506
3203 4440 18349
7596 9667 13407
9277 2619 31474
8967 8281 6097
1779 5741 537
7600 4418 13247
6437 7194 5779
2764 5607 12116
4126 4341 7138
2146 7956 7724
6468 7753 1415
8872 2204 7956
4719 8783 8666
24 4598 4545
1775 6956 9156
5286 5776 1638
2527 1099 24218
1284 2173 24632
4196 2553 3724
1187 8589 16447
765 2749 3427
7736 9581 16388
4181 7990 18046
944 654 23543
9018 5888 28243
2573 3338 15278
3527 4175 16609
3038 9866 23106
5223 9133 10188
1775 158 31604
2252 443 29740
1430 875 27243
226 2988 8481
7291 8060 17695
4094 1408 11224
3655 5155 9170
878 9643 17027
6956 5812 20004
2124 3108 12137
3155 2321 30631
3330 780 17962
9891 4103 15358
3769 5767 2234
6908 7935 22247
1684 84 1734
3605 3069 28362
1458 8253 30088
2923 1263 18583
614 5314 30504
921 1972 29219
3743 8816 20545
6706 343 27712
9712 3437 12076
4002 3707 12351
61 3765 31758
4292 7834 9386
7728 8418 14825
8074 8670 17226
234 8686 8221
4961 3496 26332
5967 9788 4379
5072 5140 258
1618 1713 15923
9734 4887 26962
1973 8836 29135
68 4711 7315
4985 5591 28786
5173 7219 12160
3824 5899 30288
1953 2979 31412
9114 5912 23143
7521 3508 11655
2143 9158 8530
9722 3298 5122
5791 6532 6487
4124 1326 54
4197 8874 18013
8872 679 411
289 5909 16330
6981 2382 30019
1612 2377 31611
1123 5529 4094
4561 7940 10327
2589 771 24522
8247 5612 36
7519 4753 29730
1879 4442 11185
809 2570 29958
5291 3618 17769
266 535 32468
3274 7945 1521
749 654 11597
5200 4663 863
9507 7081 27221
2640 8985 30501
6374 1679 25937
8148 9352 1998
2109 6108 7732
6392 599 27417
1561 8497 15253
480 9415 10778
4629 9384 1384
7478 795 13413
8363 1911 26156
8655 714 4209
6640 1502 21168
6078 9114 9911
2673 7441 31929
2795 7066 12854
889 9884 20271
356 4652 7265
2746 740 29347
5498 4744 17324
1354 84 3906
2803 5502 13093
9673 3320 15767
3848 8306 30437
5417 8745 10660
2155 1627 19519
2071 4375 25666
5381 1432 15853
9349 6491 19653
3215 7543 7091
6201 6675 29007
6385 1720 31282
6081 8453 20070
4543 7020 21209
2094 2168 1695
6231 3777 17719
3392 9172 4473
643 6617 12837
924 788 3271
3176 6118 15993
9970 1913 24119
488 248 3643
1868 8276 15055
5960 4096 2720
2206 642 2178
7759 7327 5170
2003 1888 29224
2174 5898 28649
2129 9333 124
6324 2041 22823
6418 4872 10989
5559 9512 15314
9334 6078 10599
6971 7990 260
6097 3680 27741
8155 4344 24071
2231 2362 4798
449 6993 2194
1639 6921 3480
6052 6444 25740
5475 69 28565
5746 3984 32445
5486 209 15001
5452 7174 17708
8736 3008 26669
3590 3410 14630
9621 2509 31092
5317 7061 8225
3843 7862 8667
5184 7508 20462
6966 9205 11216
2862 191 26627
4830 9808 6426
5689 7893 27840
666 9201 18598
3236 5360 6901
6235 5846 10733
1849 1435 14623
5465 3586 19003
1189 9331 30990
9702 4489 25210
6056 1237 30706
8950 3011 3162
5629 1183 25605
8271 5454 31716
3460 6643 5709
1131 9153 5846
2506 4804 21537
4368 7405 5480
2290 5043 16256
9521 807 4159
7602 6182 3679
5356 6298 3515
4441 4062 16485
2835 7678 21731
9719 8265 2019
522 3459 5793
4781 4114 17893
2596 4709 28168
2280 493 8868
8256 4874 24273
2585 6353 17099
6222 7709 25959
8491 6844 12114
707 4660 28168
3824 9114 2254
7677 6519 12523
2969 2435 24715
2334 9283 3948
6181 3687 24792
3707 2001 12970
8394 5117 6974
5362 8704 26146
8920 2696 11931
2206 2013 2339
2850 3366 20574
7933 8893 2098
8243 1918 27478
8575 9284 11193
5163 9023 19403
1182 793 15257
9173 5882 995
7708 795 3951
9173 4510 9340
9496 1716 12719
5231 2710 26116
5313 1588 20453
8971 489 14833
1893 6565 23739
6316 5157 18670
6642 8775 6291
8998 8306 27352
8606 1641 15316
7765 2680 32022
829 2497 19012
4871 5076 28925
9272 3182 14586
2677 5968 20283
1198 6222 6356
2656 6191 3703
2369 4624 30068
7546 11 19123
7443 9907 7469
9267 2033 30736
1035 3219 8300
253 8009 26362
33 3966 6015
447 2614 10484
6345 5809 13256
5186 5182 27767
3366 2465 23998
5784 2898 2973
6664 9030 13130
4099 2445 7313
1873 4107 12896
453 8236 9213
3888 4362 18922
9161 9619 26865
5583 4985 32600
4383 8669 9965
3483 6974 24947
6204 5394 17945
3832 6108 12621
1736 3834 10966
8965 8330 4188
765 3536 25893
2986 5852 12063
4809 4911 23965
1301 2741 31208
6001 5039 24800
4277 1229 10651
4176 6605 27603
1995 5973 31872
1248 8318 10761
1286 3393 16252
1753 2645 1308
7755 6089 19023
2430 6064 16102
1032 7886 12709
3884 117 10719
5321 2660 18463
3272 5324 31242
504 7631 9117
6487 7811 11824
3910 9277 20082
7107 501 1123
6904 4896 9291
8908 6040 7674
8314 2708 10468
2401 5387 13958
6374 6997 31474
2365 7583 28272
2258 7223 28608
5652 6514 30013
990 7804 29806
4534 6127 10421
6124 3845 6112
9512 1345 21841
494 6133 11440
6971 1861 31177
514 1985 21705
9051 1278 4756
6409 4158 4215
8883 3829 21430
9588 7243 10502
1551 201 9778
1615 6322 4943
9652 5011 3067
9496 6026 16580
8259 4118 2105
9178 1412 21967
3009 1709 9016
4934 3566 29358
3838 4911 26725
588 9800 14350
6321 8940 8731
1728 1045 778
8669 8649 27184
2439 8706 5222
8080 6779 14218
815 5035 1300
702 902 12313
8782 1762 7788
7947 1335 1041
3668 9431 30362
7373 8572 16948
315 9119 8750
6439 567 16013
3437 1362 29144
1518 8820 7154
1216 9475 8111
8019 766 7705
2503 1291 4502
283 6934 27953
9074 1783 32415
9743 9888 13624
5620 5544 25470
9536 4771 23174
3171 1408 22111
4764 977 10820
4876 6863 1218
7588 9491 18633
1504 185 1588
2677 629 30998
9049 5222 17646
8875 2960 32738
1515 6226 6601
1261 2483 10742
5262 1734 27402
761 1090 12498
3497 777 13802
7595 1179 10693
456 2822 30963
6008 2429 11011
3966 2263 2430
5858 2283 12136
9496 3606 2298
2813 8921 19668
9832 7773 32454
885 2716 23158
5279 26 8638
2183 6817 31583
4153 5327 10452
6010 9186 30501
268 2313 7238
7962 5390 11661
4666 5041 10573
4733 4212 4978
3283 2263 30817
1402 6517 22109
1837 6369 2658
281 3417 20879
1614 2015 15170
6234 5102 14959
417 1237 18699
1057 1988 9105
4248 1988 13398
7191 3238 31959
2316 5782 2950
4213 2898 23642
2600 2792 17513
9632 2088 28447
916 1580 16399
2083 146 16835
5627 1821 760
4312 6520 28828
5919 9259 8161
3290 3812 3085
1702 2108 24024
4926 513 26870
172 5645 21100
3542 2773 32393
1514 484 3847
4796 3711 10738
2833 3681 11479
5928 8473 1414
4217 133 1234
3551 95 17538
5863 2868 18872
677 6411 1403
2329 9213 6183
1237 214 7438
2483 5006 29970
6322 8994 18293
5910 5554 11579
1517 3936 19203
3078 1296 10382
4094 1076 11970
1981 5264 6752
5482 426 3996
2088 7884 5117
5007 1200 9182
6470 4628 28959
4729 7042 28656
5377 4676 28174
2256 3686 24733
4674 6521 1436
2261 7870 15932
4232 6823 2379
1595 7562 2457
4118 5186 20523
5400 4667 7794
2256 8776 26969
6163 1114 16606
8566 2121 1326
9460 8791 20993
9151 609 21616
2453 3772 7635
9398 6647 32561
18 4561 22246
721 56 7448
2175 7963 13931
766 788 22343
2714 4319 9714
1117 7199 8229
5472 7092 9613
4764 1136 18342
2259 7344 7261
8631 8482 13044
2114 7820 15040
878 5186 13441
5565 6724 23691
2758 9724 32231
404 3893 16154
1472 1697 30501
2540 3113 12829
3383 4393 32541
6604 4753 31594
9731 4609 18263
6087 8696 17723
4098 2339 12662
748 1733 27555
3520 8207 24300
4657 7231 10527
5147 2903 5062
3812 4451 19339
1116 288 13225
6935 6096 4581
7836 2727 3160
4424 8481 26789
2731 4406 25436
1835 667 15761
4817 6628 25765
9907 4990 25947
4858 1811 11834
7392 6503 23649
2116 7836 22869
1707 3654 22895
6424 7538 7035
486 6743 1108
4363 6146 31349
4917 6788 31651
1669 627 9267
4375 2475 31738
9087 4573 22522
1324 1272 16550
2382 9112 115
2754 8596 26750
6815 915 13942
5230 8170 6978
9496 3581 29344
9911 9357 10992
5236 3735 18456
4263 7246 18883
8556 3356 11538
1859 5190 30935
2662 3455 9705
2097 7975 23722
2098 7377 11760
334 6115 31734
6447 4426 1349
379 9793 25234
1312 8314 11594
6675 357 1373
7406 4002 26007
9560 1019 25954
197 1378 31096
4719 8120 8115
1616 5117 12888
5931 1186 9395
2706 4191 23985
5261 6380 3266
7851 1801 5449
1153 2724 14723
5033 9195 28398
3968 8 31299
1435 6248 29935
3919 4659 3867
1385 1567 23296
6562 7388 31210
2304 9658 23375
477 6168 23869
5384 1366 5616
2972 502 2228
1271 5018 16619
8738 7115 3986
9746 9008 406
438 2824 12656
600 2795 30716
9937 3216 18002
3777 1748 27516
656 3016 5772
8145 1715 13296
8548 7621 23604
9646 1163 31988
9249 3944 28449
9730 6056 26918
8439 2521 7576
2327 7322 31095
960 5271 17216
9656 3321 232
4279 9375 7410
5602 112 26433
1617 6104 29565
7582 4351 7593
7244 2244 20601
3746 0 32297
1521 9170 22460
2993 1878 27519
5732 3629 25872
9767 4416 30917
9428 7912 315
163 7430 14562
3538 8389 29300
8139 5699 9150
9630 922 27615
5891 7973 21414
6006 4310 31911
3322 7587 18288
9792 2780 10947
2906 4674 26166
6797 1878 28316
1137 498 18373
5718 5718 23550
3385 2842 20754
5788 3971 31267
4107 2562 5714
238 1804 28596
9474 5295 15498
6088 6770 2326
3353 3442 21170
8570 3278 3679
805 41 24252
1513 5 11203
7280 9436 13602
552 8595 10846
1261 700 12747
1232 9372 12444
3303 892 8029
1025 5186 2238
2554 9132 5728
1237 8782 20766
8993 5363 28602
17 9729 19783
991 3502 7782
613 9112 8191
1225 4748 29315
6598 4162 21961
79 7697 31745
2059 1125 9370
1852 4941 3479
827 539 28840
1044 5307 20686
2686 303 20382
187 2226 578
9526 6821 15013
992 2135 22881
6955 6341 13557
1249 5542 24923
1824 1608 12271
776 2222 12540
3667 2285 14066
9169 7811 3487
1285 8373 15465
3534 5110 10636
2087 3116 3775
1780 1419 26701
2876 9364 22333
5807 9144 29672
627 2772 24069
2994 8454 1026
2664 8031 30112
3437 8997 5196
1832 7278 13788
704 4462 31189
8496 5231 24807
5229 1307 24339
2286 4489 16116
4666 8185 15542
5707 214 15306
5955 2596 31155
7049 5346 28420
8080 3735 1795
415 1645 17143
157 5071 7166
9225 2244 30579
9029 4268 15980
7370 3679 5338
8158 2 3479
2760 482 22852
2262 2719 27144
2161 7701 3242
9756 8735 7090
7344 1154 19015
3929 7235 5815
3498 1539 31926
844 2741 783
7386 7005 22397
5015 7669 17849
9829 6756 21489
7357 2139 2616
1789 8516 28875
5898 3543 16783
6207 4130 31420
5635 5768 18426
1382 1766 18914
2874 6891 29969
6537 4105 29427
9141 1205 21024
5844 848 15469
9510 2723 8400
3909 8285 1849
5704 1622 20598
6359 8548 6012
2159 56 2733
2466 7241 5511
1838 6806 12285
4745 3325 2096
185 2697 954
3497 4553 16626
1066 4626 29291
1917 8705 1959
212 1830 24656
3673 6186 5820
1750 3656 21989
9366 1177 31274
39 7260 15985
255 209 29342
4103 2161 20735
1258 3758 27541
1375 451 13919
4153 7482 11860
1262 1836 7924
7160 7317 5382
583 214 20860
6541 1891 26728
3667 4284 22561
5143 3148 6088
9193 5714 25444
4548 7176 28226
7134 3252 21191
192 4693 6529
2293 2737 8520
6044 4032 5488
7110 7041 18433
3998 562 11674
8879 6808 5005
1326 4071 4146
5198 4744 30979
4725 2114 14319
8269 7856 15781
3436 2462 2376
5341 7505 20628
1760 8812 13495
5569 1266 6188
7519 1536 4863
5772 2739 15566
5294 2026 4533
933 4934 14661
3423 3799 13689
4742 3137 15635
3407 6488 1183
6053 1612 18231
2866 2783 10300
9323 2852 24658
1418 7293 2766
9410 4027 4418
8138 6169 765
7654 2698 12155
834 4425 32295
2452 6345 27335
1674 2563 29102
5600 1664 16447
315 8864 27465
6111 2412 9367
3769 2326 14277
789 4427 27660
9206 2246 5367
7673 7552 16538
5610 6176 3790
262 2812 26440
9652 3516 20679
8923 521 15268
8906 4099 11315
1134 677 13516
2090 5162 10507
1751 3467 2451
827 3823 31305
57 4198 12707
5696 781 28671
9369 503 8109
9983 2636 20638
7025 7052 13571
1536 6563 12340
9954 8120 10552
8952 5034 14210
2556 8427 140
861 1206 9788
5761 4814 16985
1663 5501 723
7779 9706 31935
4801 8549 12182
2851 9322 21809
1330 9523 20493
149 352 32192
667 9145 23259
5084 1899 30005
4931 7256 13201
4651 9901 3151
9847 3783 1322
2614 2663 21709
8207 8732 8500
3501 1868 28420
559 913 12496
506 4045 12592
8443 8147 23562
1430 9495 28618
9635 7603 315
1277 4298 20606
7765 3182 31091
355 4873 6558
2756 3627 2080
829 6793 28191
4809 9032 17255
6354 299 27272
7510 6376 20459
8620 4832 12634
4129 6676 1534
8424 4265 13784
9559 9222 20327
4045 8376 2616
9059 5942 5186
5363 4548 12965
8618 2265 12973
765 300 4251
7365 9071 4152
67 7389 29314
88 5960 9553
8820 7318 16793
8659 2125 16939
515 127 15491
9017 2541 2507
717 5941 14110
5203 1442 2875
8908 2462 2159
4558 8491 18979
706 9443 13761
8472 6964 16166
4812 5390 5702
5282 2543 11744
1307 1973 11493
2933 2581 29013
5027 4070 24053
6434 2458 24881
9048 1523 1299
7892 7284 298
9886 7046 21336
7354 2109 6492
9469 8955 22678
4391 2981 29063
6376 2997 14960
2129 6151 615
9694 6480 29272
8462 7228 22434
1790 8080 2021
8022 8875 25093
5676 7288 12028
3434 6128 27911
9394 543 2494
5196 1606 7107
720 4597 7228
271 6686 4333
4723 5081 21598
1203 7984 626
5333 3539 29316
4193 683 17597
8619 3771 12225
9305 1680 8919
2698 4771 17614
536 7662 28639
8233 4804 248
9617 1878 29584
9177 4295 703
7972 590 30407
5488 788 27618
7233 8275 5705
9858 2222 10498
8808 5368 28992
8688 5845 10540
6786 972 5664
92 2817 15332
8930 7588 3063
2307 1417 19595
9266 4207 20309
6397 702 26673
4824 2777 24906
5739 629 30519
8445 4405 27701
7239 6181 26189
6393 5677 21842
8619 7278 12970
381 8553 9031
742 7329 31637
4674 9906 16685
4755 3587 28569
591 5064 8888
2760 1192 13815
1502 9054 31120
2289 203 25907
3000 9482 21764
6220 4053 15823
8531 1035 31885
404 255 19608
7382 8528 27366
6863 2485 23045
490 8606 21153
1298 2650 13468
8971 2255 22145
9043 2385 612
7790 3243 28417
1117 7487 27068
8454 1195 9166
2720 1099 7227
1208 8665 6948
1330 6011 11872
2212 248 23112
4400 283 15673
986 3523 14739
7027 1373 16211
6711 8670 21461
9750 5227 4229
4602 2767 27632
1909 3682 24703
6117 6683 13559
8799 6145 14877
9121 9970 26692
5389 3940 28140
8291 9757 29236
3933 5292 21616
4964 8596 2446
486 5861 11515
2690 6608 3779
6495 2818 25662
1473 9856 26504
6710 344 23006
3018 4741 119
981 7353 24238
9597 864 442
9539 5281 11611
8774 7444 25839
1715 4244 7600
7421 7318 18884
3904 8846 22209
1936 3732 29694
6995 6368 24212
659 8286 6375
5004 196 9769
2749 3001 23384
9441 7038 9963
7675 4082 23765
8301 2798 25329
4875 8045 28542
4913 562 11165
5158 814 1978
8185 1074 2677
8954 7746 24043
4132 413 5707
1526 1510 3978
4230 8822 29456
2344 1831 19583
1659 1816 17639
1146 3109 2189
5763 3475 3922
7664 4105 4651
2539 5329 24464
6267 584 10023
4295 5911 19842
661 2717 29917
8323 4826 24755
375 7194 13547
5432 161 20310
4315 7068 6317
5706 4303 27486
2637 3217 17634
8303 7336 30193
3734 1630 3145
4428 6312 3047
6522 3048 13080
9642 7084 32285
8742 9673 7837
8278 7679 16061
2436 5519 15208
9506 5168 10441
3619 8860 27079
9072 7907 22925
9428 6065 13192
2815 4936 11205
453 8136 16185
7003 1006 12952
0
