10
2
2
8
2
2
2
2
1
2
2
2
2
2
2
7
2
18
2
2
2
2
15
5
5
6
2
5
14
7
2
2
5
4
3
9
2
12
2
4
15
3
2
2
2
2
2
11
2
2
2
2
2
2
2
2
2
13
16
10
2
2
6
4
2
10
2
2
16
10
2
2
2
2
15
2
2
2
7
2
3
13
2
8
2
2
2
2
2
5
10
11
2
2
2
3
12
2
7
13
2
2
11
2
2
2
13
14
2
2
2
2
12
2
2
2
2
13
2
2
2
2
10
15
2
3
2
2
3
3
2
12
2
2
2
2
2
2
2
2
2
2
12
3
3
3
2
2
2
2
3
2
3
3
3
10
2
3
2
2
3
3
5
5
16
2
2
6
2
2
2
2
15
2
2
11
3
2
2
5
2
9
3
8
2
2
2
7
2
3
3
3
3
2
2
2
6
2
2
2
2
2
16
3
2
9
3
3
2
2
2
2
2
16
3
2
2
2
8
2
3
3
3
3
8
3
2
3
3
3
6
2
3
16
3
2
2
2
2
10
2
2
7
2
3
2
2
12
2
3
12
2
8
6
3
2
2
3
12
2
2
2
3
14
3
2
2
3
2
2
2
2
3
13
3
9
2
3
3
2
2
3
2
2
10
3
3
2
2
3
3
3
6
3
2
2
5
3
2
2
12
2
14
3
3
12
7
12
2
4
3
11
16
2
3
3
3
8
2
2
2
13
2
15
3
2
12
2
2
14
3
3
2
2
2
3
5
12
3
2
2
3
2
2
8
2
2
3
2
3
2
3
2
13
2
3
3
13
6
7
3
9
9
3
3
2
3
3
3
3
3
3
2
12
2
2
6
3
3
6
2
3
2
2
3
3
3
4
3
3
3
3
3
2
11
3
3
2
2
2
2
14
3
10
3
3
3
4
3
9
2
3
2
3
2
3
3
3
12
3
3
3
3
3
3
11
3
2
14
3
8
2
18
9
2
3
3
3
3
3
3
2
2
3
15
11
12
3
2
2
3
3
12
3
3
10
3
3
16
4
8
2
6
3
3
2
4
11
3
13
7
2
3
2
3
4
12
3
9
2
3
3
6
17
2
2
3
3
2
3
2
11
5
2
2
3
3
5
8
3
8
3
4
3
14
3
8
17
3
4
3
3
5
3
3
14
3
4
3
4
14
3
3
7
12
